Afghanistan:0.25183
Albania:0.0111
Algeria:0.9196
Andorra:0.0001807
Angola:0.4814
Antigua and Barbuda:0.0001699
Argentina:1.074
Armenia:0.011484
Australia:2.97
Austria:0.032386
Azerbaijan:0.033436
Bahamas:0.005358
Bahrain:0.0002955
Bangladesh:0.056977
Barbados:0.0001664
Belarus:0.080153
Belgium:0.011849
Belize:-1.0
Benin:0.04431
Bhutan:0.014824
Bolivia:0.4242
Bosnia and Herzegovina:0.019767
Botswana:0.231804
Brazil:3.286
Brunei:-1.0
Bulgaria:0.042855
Burkina Faso:0.105869
Burma:0.261227
Burundi:0.010747
Cabo Verde:0.001557
Cambodia:0.069898
Cameroon:0.183569
Canada:3.855
Central African Republic:0.240534
Chad:0.4958
Chile:0.29226
China:3.705
Colombia:0.4408
Comoros:0.000641
Congo (Brazzaville):0.132047
Congo (Kinshasa):0.9054
Costa Rica:0.01973
Cote d'Ivoire:0.124504
Croatia:0.021851
Cuba:0.042426
Cyprus:0.003572
Czechia:0.03045
Denmark:0.016577
Diamond Princess:-1.0
Djibouti:0.008958
Dominica:-1.0
Dominican Republic:0.018704
Ecuador:0.109483
Egypt:0.3901
El Salvador:0.008124
Equatorial Guinea:0.01083
Eritrea:0.045405
Estonia:0.017462
Eswatini:0.006704
Ethiopia:0.4264
Fiji:0.007078
Finland:0.130672
France:0.248573
Gabon:0.103347
Gambia:0.004361
Georgia:0.059425
Germany:0.137988
Ghana:0.092099
Greece:0.050949
Grenada:0.0001346
Guatemala:-1.0
Guinea:0.094926
Guinea-Bissau:0.013948
Guyana:0.083
Haiti:0.010714
Holy See:121.0
Honduras:0.043433
Hungary:0.035919
Iceland:0.039769
India:1.269
Indonesia:0.7354
Iran:0.6364
Iraq:0.168754
Ireland:0.032595
Israel:0.00855
Italy:-1.0
Jamaica:0.004244
Japan:0.145914
Jordan:0.034495
Kazakhstan:1.052
Kenya:0.224081
Korea, South:0.038691
Kosovo:0.004203
Kuwait:0.00688
Kyrgyzstan:0.077182
Laos:0.091875
Latvia:0.024938
Lebanon:0.004036
Liberia:-1.0
Libya:0.6794
Liechtenstein:6.178e-05
Lithuania:0.025212
Luxembourg:0.000998
MS Zaandam:-1.0
Madagascar:0.226658
Malawi:0.045747
Malaysia:0.127355
Maldives:-1.0
Mali:0.4788
Malta:0.000122
Mauritania:0.3977
Mauritius:0.000788
Mexico:0.7616
Moldova:0.013068
Monaco:499.0
Mongolia:0.6039
Montenegro:0.005333
Morocco:0.172414
Mozambique:0.309496
Namibia:0.318696
Nepal:0.056827
Netherlands:0.01604
New Zealand:0.103483
Nicaragua:0.050193
Niger:0.4897
Nigeria:0.356669
North Macedonia:0.009928
Norway:0.148728
Oman:0.119499
Pakistan:0.340509
Panama:0.029157
Papua New Guinea:0.178704
Paraguay:0.157048
Peru:0.4962
Philippines:0.115831
Poland:0.120726
Portugal:0.035603
Qatar:0.004468
Romania:-1.0
Russia:6.602
Rwanda:0.010169
Saint Kitts and Nevis:-1.0
Saint Lucia:0.0002382
Saint Vincent and the Grenadines:0.0001502
San Marino:2.363e-05
Sao Tome and Principe:0.000386
Saudi Arabia:0.83
Senegal:0.075951
Serbia:0.034116
Seychelles:0.0001772
Sierra Leone:0.027699
Singapore:0.0002786
Slovakia:0.018933
Slovenia:0.007827
Somalia:0.2462
South Africa:0.4709
South Sudan:0.239285
Spain:0.195364
Sri Lanka:-1.0
Sudan:0.7282
Suriname:0.063252
Sweden:0.17386
Switzerland:0.01594
Syria:0.071498
Taiwan:0.013974
Tajikistan:0.055251
Tanzania:0.3649
Thailand:0.198117
Timor-Leste:0.005794
Togo:0.021925
Trinidad and Tobago:0.001981
Tunisia:-1.0
Turkey:0.302535
US:3.797
Uganda:0.093065
Ukraine:0.233062
United Arab Emirates:0.032278
United Kingdom:0.093628
Uruguay:0.068037
Uzbekistan:0.173351
Venezuela:0.353841
Vietnam:0.127881
West Bank and Gaza:-1.0
Western Sahara:0.102703
Yemen:0.20385
Zambia:0.290587
Zimbabwe:0.150872