Afghanistan:37.17
Albania:2.846
Algeria:42.23
Andorra:0.077006
Angola:30.81
Antigua and Barbuda:0.096286
Argentina:44.49
Armenia:2.965
Australia:24.99
Austria:8.859
Azerbaijan:9.981
Bahamas:0.385640
Bahrain:1.569
Bangladesh:161.4
Barbados:0.286641
Belarus:9.485
Belgium:11.46
Belize:0.383071
Benin:11.49
Bhutan:0.754394
Bolivia:11.35
Bosnia and Herzegovina:3.324
Botswana:2.254
Brazil:209.5
Brunei:0.428962
Bulgaria:7
Burkina Faso:19.75
Burma:53.71
Burundi:11.18
Cabo Verde:0.543767
Cambodia:16.25
Cameroon:25.22
Canada:37.59
Central African Republic:4.666
Chad:15.48
Chile:18.73
China:1393
Colombia:49.65
Comoros:0.832322
Congo (Brazzaville):5.244
Congo (Kinshasa):84.07
Costa Rica:4.999
Cote d'Ivoire:25.07
Croatia:4.076
Cuba:11.34
Cyprus:1.17
Czechia:10.65
Denmark:5.806
Diamond Princess:-1
Djibouti:0.958920
Dominica:0.071625
Dominican Republic:10.63
Ecuador:17.08
Egypt:98.42
El Salvador:6.421
Equatorial Guinea:1.309
Eritrea:3.214
Estonia:1.328
Eswatini:1.136
Ethiopia:109.2
Fiji:0.883483
Finland:5.518
France:66.99
Gabon:2.119
Gambia:2.28
Georgia:10.62
Germany:83.02
Ghana:29.77
Greece:10.72
Grenada:0.111454
Guatemala:17.25
Guinea:12.41
Guinea-Bissau:1.874
Guyana:0.779004
Haiti:11.12
Holy See:0.000825
Honduras:9.588
Hungary:9.773
Iceland:0.364134
India:1353
Indonesia:267.7
Iran:81.8
Iraq:38.43
Ireland:4.904
Israel:8.884
Italy:60.36
Jamaica:2.935
Japan:126.5
Jordan:9.956
Kazakhstan:18.28
Kenya:51.39
Korea, South:51.64
Kosovo:1.845
Kuwait:4.137
Kyrgyzstan:6.316
Laos:7.062
Latvia:1.92
Lebanon:6.849
Liberia:4.819
Libya:6.679
Liechtenstein:0.038557
Lithuania:2.794
Luxembourg:0.613894
MS Zaandam:-1
Madagascar:26.26
Malawi:18.14
Malaysia:31.53
Maldives:0.515696
Mali:19.08
Malta:0.493559
Mauritania:4.403
Mauritius:1.265
Mexico:126.2
Moldova:3.546
Monaco:0.038682
Mongolia:3.17
Montenegro:0.631219
Morocco:36.03
Mozambique:29.5
Namibia:2.448
Nepal:28.09
Netherlands:17.28
New Zealand:4.886
Nicaragua:6.466
Niger:22.44
Nigeria:195.9
North Macedonia:2.077
Norway:5.368
Oman:4.829
Pakistan:212.2
Panama:4.177
Papua New Guinea:8.606
Paraguay:6.956
Peru:31.99
Philippines:106.7
Poland:37.97
Portugal:10.28
Qatar:2.782
Romania:19.41
Russia:144.5
Rwanda:12.3
Saint Kitts and Nevis:0.052441
Saint Lucia:0.181889
Saint Vincent and the Grenadines:0.110210
San Marino:0.033785
Sao Tome and Principe:0.211028
Saudi Arabia:33.7
Senegal:15.85
Serbia:6.982
Seychelles:0.096762
Sierra Leone:7.65
Singapore:5.639
Slovakia:5.45
Slovenia:2.081
Somalia:15.01
South Africa:57.78
South Sudan:10.98
Spain:46.94
Sri Lanka:21.67
Sudan:41.8
Suriname:0.575991
Sweden:10.23
Switzerland:8.57
Syria:16.91
Taiwan:23.78
Tajikistan:9.101
Tanzania:56.32
Thailand:69.43
Timor-Leste:1.268
Togo:7.889
Trinidad and Tobago:1.39
Tunisia:11.57
Turkey:82
US:328.2
Uganda:42.72
Ukraine:41.98
United Arab Emirates:9.631
United Kingdom:66.65
Uruguay:3.449
Uzbekistan:32.96
Venezuela:28.87
Vietnam:95.54
West Bank and Gaza:4.569
Western Sahara:-1
Yemen:28.5
Zambia:17.35
Zimbabwe:14.44